A = [ 2 -3 ; 
     -1  4 ];
B = [ -2 3 ; 
       1 4 ];
C = [ 1 2 3 ; 
      0 3 1 ];
D = [1  2 0 ;
     0 -1 3 ;
     2  1 5 ];
E = [2 -1 3 ;
     1  0 2 ;
     0  3 0 ];
F = [ 1 3  7;
     -1 5  1;
      6 4 -2];
G = [-1 2 -5;
      1 0  4;
     -4 3 -5];
# H = ones(3, 3);
# H = eye(3); # jednostkowa
H = zeros(3, 3);
K = [ 2 3 1;
      1 4 3];
L = [-1 4 1;
      3 5 3];
M = [ 1 -3;
     -1  5;
      2  4];
N = [1 1;
     1 2];
P = [-1  4;
      2 -1];
R = [1 -3;
     2  4];