A = [1 1;
     1 0];
B = [ 1 -2;
     -2  4];
C = [3 4;
     5 7];
D = [0 0 2;
     0 1 3;
     1 0 0];
E = [0 1 -1;
     1 0  4;
     0 2 -3];
F = [1 2 3;
     0 1 2;
     2 1 1];
H = [0 0 1;
     0 1 0;
     1 0 0];
M = diag([3 -1 2 -2]);
