A = [2 -1  1;
     3  1 -2;
     1 -3 -1];

a = [1 0 2];

B = [5 -3  2;
     4  5 -3;
     9  2 -1];

b = [3 21 -12];

C = [1  1 1;
     1 -1 2;
     4  1 4];

c = [1 -5 -2];

D = [ 1 1 -2  1;
      0 1 -1  1;
     -1 1  1 -1;
      1 0 -2 -1];

d = [2 0 -4 1];
